32
28 7 11 20 29 13 32 19 21 24 31 15 2 9 25 6 16 18 5 22 1 26 27 23 14 12 3 17 10 8 4 30 
2 6 28 16 26 8 1 11 32 18 14 30 4 10 3 17 13 31 20 27 21 23 5 29 19 22 24 12 9 25 7 15 
8 13 25 17 24 27 22 1 20 30 23 21 26 4 19 9 18 10 12 32 15 11 31 2 5 16 7 14 3 29 28 6 
24 30 2 11 23 9 4 25 14 22 28 5 21 19 29 8 12 16 6 17 3 20 26 1 27 18 13 31 7 10 32 15 
6 7 25 1 11 32 28 18 30 2 31 8 29 26 27 9 3 24 10 14 16 13 12 17 19 21 23 5 20 4 22 15 
12 2 10 14 21 13 17 32 22 8 29 23 19 18 25 5 4 16 26 27 15 11 31 7 24 3 1 30 28 20 6 9 
17 31 11 28 12 14 27 24 8 9 7 3 19 21 29 30 16 20 1 22 5 4 6 26 2 32 10 18 23 15 25 13 
25 8 12 13 31 28 17 18 30 16 3 10 26 24 9 20 4 7 32 19 6 5 1 15 2 29 21 23 22 14 11 27 
13 27 29 22 16 9 25 4 1 12 24 30 19 32 7 28 21 11 31 6 2 14 5 18 15 23 17 3 20 26 10 8 
1 24 23 26 22 28 3 5 2 21 7 9 13 11 18 20 6 4 16 25 8 17 29 31 12 19 14 10 15 32 27 30 
7 8 1 4 28 22 18 10 21 16 3 27 12 30 29 14 15 24 23 13 25 32 26 19 2 31 6 11 20 17 9 5 
23 29 11 5 22 27 16 12 7 10 15 9 6 18 21 26 30 32 3 31 4 17 8 24 1 28 20 2 14 19 13 25 
13 4 19 21 29 17 8 3 9 2 10 15 1 32 11 24 23 31 16 22 27 14 25 28 12 5 6 30 26 7 18 20 
28 16 18 9 20 27 7 14 4 11 26 2 30 10 3 15 12 31 21 17 24 22 1 5 23 19 8 13 25 6 29 32 
26 13 24 21 2 11 15 23 3 16 32 28 12 31 22 30 9 14 6 8 5 1 19 20 10 17 27 7 18 4 25 29 
30 25 29 17 21 4 9 27 11 15 23 28 14 1 16 3 18 31 8 19 32 6 22 2 24 13 5 7 10 20 12 26 
19 31 26 30 3 20 15 13 9 5 12 22 23 1 17 10 24 21 14 7 27 18 11 28 29 4 8 6 16 25 2 32 
10 32 30 24 16 6 1 4 17 11 14 29 21 31 3 23 12 19 13 8 5 26 25 2 27 22 7 18 28 9 15 20 
17 12 7 26 25 27 23 1 10 4 13 29 9 15 3 2 14 22 20 5 28 32 19 16 21 6 30 24 11 8 31 18 
28 10 11 12 14 20 1 24 5 18 32 13 29 22 21 25 17 4 9 31 3 26 27 19 30 6 16 23 15 2 7 8 
20 7 31 13 28 16 17 27 21 3 14 12 6 22 30 32 15 23 26 19 9 18 4 8 10 2 11 1 25 24 29 5 
32 15 28 14 29 4 12 17 3 16 25 1 7 26 6 10 5 27 9 24 21 2 20 11 31 23 22 30 13 19 8 18 
22 16 9 10 5 25 23 18 2 21 12 26 14 32 7 28 4 11 20 17 13 6 15 8 1 31 29 27 24 19 30 3 
14 30 19 12 22 7 10 31 27 32 21 25 16 4 18 11 29 1 3 23 13 5 15 6 17 2 26 24 8 28 20 9 
9 20 12 5 8 10 29 14 21 26 28 16 30 15 22 13 27 25 7 1 18 19 24 32 4 6 3 23 31 2 17 11 
21 9 15 6 32 12 1 4 27 31 24 16 26 2 11 14 29 28 10 3 13 5 18 8 7 19 20 22 25 23 30 17 
26 5 7 2 18 21 30 9 12 13 28 4 29 31 25 14 22 11 24 16 27 6 32 15 8 23 3 10 17 20 19 1 
30 23 5 14 1 11 25 21 12 10 2 15 13 19 20 4 32 9 6 8 28 29 16 3 24 26 31 17 22 18 27 7 
12 16 8 20 17 1 23 3 2 10 32 21 27 5 18 15 11 29 14 24 26 4 28 13 25 19 9 6 7 22 31 30 
26 12 17 23 1 24 29 15 9 6 7 31 8 27 30 10 32 20 18 22 4 21 16 2 14 11 3 25 19 13 28 5 
28 4 29 14 8 5 23 2 11 18 30 15 25 20 24 19 12 17 1 21 7 26 22 27 6 9 31 13 16 10 3 32 
3 20 18 10 31 21 11 13 7 5 14 6 16 9 24 19 29 12 26 15 22 23 8 25 32 28 2 4 27 17 1 30 
29 22 19 8 25 1 7 32 11 24 2 13 20 17 28 6 18 12 30 27 31 9 5 3 14 26 4 10 16 21 15 23 
22 7 21 2 13 12 9 6 16 11 24 15 1 20 10 28 27 31 5 29 32 14 19 8 4 25 17 3 30 23 26 18 
18 16 22 1 24 7 25 8 2 20 30 6 31 29 23 3 9 10 12 11 26 13 15 17 21 5 14 27 28 32 19 4 
2 11 19 10 15 9 25 17 6 1 7 31 23 22 28 18 20 29 4 3 27 16 12 21 26 5 8 24 30 32 14 13 
13 25 2 3 18 15 26 10 8 24 6 31 11 5 20 32 16 17 12 7 29 23 28 9 4 22 19 30 14 1 27 21 
9 32 27 5 23 13 21 4 22 18 10 12 26 6 1 24 8 31 3 28 19 17 25 16 2 29 7 11 15 14 20 30 
31 32 15 18 11 1 26 16 13 19 3 2 30 17 10 21 5 28 14 24 6 4 20 27 23 22 29 8 9 7 12 25 
23 20 12 29 4 25 15 3 7 31 1 6 27 19 17 9 21 11 22 30 32 14 2 18 28 16 10 8 24 5 13 26 
13 6 24 17 16 12 15 19 11 21 32 18 14 10 1 30 27 28 7 22 4 25 5 2 29 26 23 8 20 3 31 9 
10 22 28 32 7 8 2 3 5 6 19 20 4 23 13 29 17 12 25 26 27 9 11 15 30 18 24 21 16 31 1 14 
13 7 21 24 22 32 29 1 5 20 12 3 30 15 23 14 2 9 10 6 25 26 11 28 16 19 27 4 17 18 31 8 
22 2 7 32 30 29 3 25 15 26 8 31 1 21 28 20 23 14 13 17 16 24 11 10 4 5 27 6 12 19 9 18 
19 14 9 17 11 25 22 1 20 27 8 16 2 23 10 6 21 4 15 28 29 5 3 30 18 32 13 7 12 31 26 24 
9 24 10 5 13 30 15 7 29 17 2 18 32 23 28 27 11 22 12 4 25 6 8 31 16 3 26 21 1 19 14 20 
11 26 28 24 10 21 27 5 13 15 31 22 32 12 1 8 23 16 20 18 29 9 14 17 7 4 3 6 25 2 19 30 
19 3 5 17 32 28 15 24 8 11 23 16 14 21 9 13 22 25 6 1 18 4 2 7 31 12 26 29 27 30 20 10 
27 26 12 18 32 6 17 4 25 9 1 28 30 8 20 13 22 10 31 29 16 23 15 14 24 5 3 21 2 11 19 7 
1 32 8 14 2 16 3 17 26 25 31 5 22 6 11 20 13 4 28 10 18 29 30 7 23 27 12 24 19 9 21 15 
20 25 2 9 6 4 15 23 17 12 8 13 11 16 21 30 14 24 5 32 3 29 7 27 19 26 31 28 1 22 18 10 
6 5 18 15 32 2 28 16 29 22 1 27 14 7 20 13 23 3 12 10 31 8 25 26 19 21 17 30 11 4 24 9 
15 7 26 31 23 2 11 30 3 21 5 8 18 27 28 14 6 10 32 24 1 29 17 12 22 13 4 16 25 19 9 20 
2 7 1 15 13 22 32 29 17 26 27 20 12 18 14 25 8 16 24 23 21 4 3 28 5 31 30 11 9 19 6 10 
27 15 2 1 31 8 17 11 21 6 26 9 30 14 28 7 23 22 32 25 12 5 3 16 20 18 24 29 13 10 4 19 
8 17 6 12 9 4 31 13 20 19 7 10 3 11 14 21 29 16 27 32 2 30 18 22 25 23 28 1 24 15 5 26 
24 12 32 6 4 30 21 18 15 16 29 31 14 17 23 25 20 1 27 19 26 3 5 22 28 7 2 11 9 10 13 8 
15 6 12 20 21 28 5 16 1 3 32 25 31 26 19 30 4 14 2 22 10 11 13 18 8 29 9 7 17 23 27 24 
29 21 8 2 5 6 10 31 20 22 28 14 24 32 16 18 11 9 27 1 26 12 17 3 30 13 4 25 15 19 7 23 
18 23 28 7 22 25 30 5 29 12 31 3 9 21 11 6 27 4 24 2 19 8 10 14 17 16 15 26 13 32 1 20 
17 13 12 30 26 15 3 4 7 24 14 6 18 25 27 29 31 32 28 22 5 19 11 21 16 20 8 23 9 10 2 1 
19 29 30 5 26 15 27 1 6 17 28 12 2 22 16 32 31 20 7 8 11 25 13 9 21 10 14 18 3 4 24 23 
1 14 20 2 17 12 19 26 3 6 23 30 28 7 27 32 31 4 5 21 11 29 10 13 22 8 24 15 25 16 18 9 
25 12 3 14 26 8 18 6 2 4 19 29 11 20 30 1 31 7 21 28 16 10 15 32 17 22 9 27 5 23 13 24 
