64
34 15 26 56 22 24 17 61 16 27 49 37 53 20 25 46 57 32 6 19 7 1 48 40 29 10 54 18 60 11 38 2 9 62 33 51 14 44 8 42 64 63 21 43 3 47 36 55 5 4 28 59 41 39 23 52 13 30 12 35 58 45 31 50 
43 21 26 38 5 1 14 18 24 49 8 59 12 44 17 53 27 54 31 22 50 64 4 9 19 36 47 52 42 34 32 48 35 41 2 55 46 11 56 13 16 29 58 10 15 33 61 28 30 62 3 39 37 57 63 20 40 45 51 60 25 6 23 7 
26 30 42 54 17 41 33 39 46 24 63 35 37 12 52 57 50 11 51 27 64 13 38 48 22 3 61 47 16 58 43 29 55 2 62 31 9 4 25 44 56 32 7 18 45 14 23 10 8 36 34 15 1 5 19 59 28 20 53 40 6 60 49 21 
50 39 36 63 1 26 18 59 61 17 41 51 28 62 47 42 19 58 24 14 40 30 7 48 43 25 22 16 56 12 45 29 46 49 35 44 2 34 57 13 15 4 3 8 27 11 23 37 20 54 32 38 6 64 31 53 52 21 9 60 10 55 33 5 
60 39 49 58 40 64 5 61 25 29 19 59 1 14 57 54 32 48 50 45 55 23 37 24 43 30 4 33 17 36 6 34 47 31 51 18 8 13 28 38 26 2 7 53 11 56 62 20 35 9 44 12 42 15 27 52 46 10 3 63 21 22 16 41 
37 53 62 38 56 64 52 12 49 41 23 4 58 13 34 28 48 22 15 47 5 25 36 61 63 10 29 31 19 20 51 6 60 17 54 3 26 50 24 44 55 27 35 39 40 42 33 21 16 14 7 18 45 30 1 59 8 11 9 43 46 57 2 32 
6 13 23 59 47 46 27 48 24 7 28 20 41 26 54 17 55 14 25 1 36 33 11 45 61 29 49 53 15 40 19 52 51 39 9 31 38 34 2 60 44 43 12 50 21 16 3 32 35 64 10 30 4 37 58 57 5 18 63 22 42 62 8 56 
54 19 58 17 48 41 59 20 24 31 56 12 43 63 53 22 23 21 62 9 30 3 51 16 5 33 7 6 10 27 14 11 50 40 4 2 49 1 18 60 37 64 42 39 44 47 57 26 29 8 25 55 13 35 15 46 36 32 28 52 61 34 45 38 
43 58 39 19 17 49 23 47 31 57 15 55 9 53 61 5 28 38 12 4 35 34 10 29 11 27 37 40 13 30 3 46 48 32 1 60 14 16 2 54 6 45 21 18 41 25 50 20 51 59 44 22 64 62 7 33 56 8 42 63 24 52 36 26 
58 36 4 1 63 6 25 51 53 15 31 35 48 21 43 28 57 54 56 14 32 12 61 50 45 18 22 3 41 17 30 49 46 44 40 39 47 60 19 7 33 42 38 23 16 55 11 5 29 52 20 37 59 64 26 8 2 24 62 13 10 34 27 9 
25 6 14 22 34 51 48 28 41 33 5 59 18 49 15 23 24 1 20 7 38 26 27 40 61 62 42 56 36 50 4 63 8 13 29 19 60 12 16 54 47 3 2 10 31 9 11 44 30 55 37 32 52 39 53 46 43 57 45 58 35 17 64 21 
43 11 59 34 58 29 52 54 64 50 18 47 62 1 5 21 25 63 36 38 9 60 33 6 2 45 16 57 10 56 61 14 32 26 7 27 17 51 42 48 22 23 46 39 4 40 20 8 15 44 49 24 37 30 13 19 35 55 31 12 3 28 41 53 
24 28 36 45 48 63 11 46 6 35 52 19 56 29 26 20 51 30 14 17 39 58 53 12 21 3 59 23 1 44 37 62 27 31 40 41 43 54 16 47 42 38 4 32 61 10 7 8 57 49 55 15 50 60 22 13 64 9 33 18 2 34 25 5 
16 54 27 37 28 34 4 10 58 3 14 19 50 17 62 22 43 8 53 2 61 39 15 29 23 12 42 59 36 35 6 41 55 31 20 48 64 13 38 49 9 18 51 45 32 46 25 5 7 44 1 33 63 60 47 21 52 30 57 56 26 24 40 11 
3 30 52 48 60 27 32 58 21 40 59 17 46 11 43 12 22 2 37 7 61 64 6 10 18 35 56 38 31 26 25 15 4 14 1 49 57 45 36 33 51 42 23 53 63 54 19 13 55 9 47 20 28 50 44 16 5 62 41 8 24 39 34 29 
3 19 14 42 24 12 39 55 15 30 21 37 52 35 51 44 46 22 6 57 9 64 23 62 27 53 56 16 38 26 59 8 34 63 7 32 13 20 54 28 10 11 18 2 29 47 40 48 61 50 60 4 58 31 45 25 43 36 41 33 5 49 1 17 
17 40 8 34 4 27 22 2 3 14 41 38 1 31 18 60 37 24 59 39 61 51 7 43 16 12 13 6 64 28 44 63 21 25 57 32 15 56 35 55 19 23 52 33 36 50 45 58 10 42 9 54 29 26 62 48 46 20 11 53 47 30 49 5 
40 43 23 16 41 27 58 51 4 56 46 54 19 44 38 12 34 21 22 20 31 26 61 50 10 63 49 48 62 1 45 8 6 57 15 29 28 60 52 2 42 35 7 47 39 3 11 37 59 55 36 32 17 25 24 13 9 5 33 53 30 64 14 18 
26 42 6 34 61 25 55 8 19 4 28 1 2 62 15 51 24 27 56 33 46 47 30 53 22 58 9 39 43 60 20 10 35 57 64 32 44 12 59 52 23 41 18 17 40 29 3 38 13 31 54 5 49 63 16 37 11 45 48 21 50 7 14 36 
62 11 15 37 42 4 6 5 8 19 52 47 54 2 24 50 51 43 27 56 20 31 39 34 35 14 10 55 30 58 16 33 44 9 41 32 3 40 36 64 17 38 59 60 1 7 23 49 61 28 57 18 46 12 48 63 53 26 29 22 21 45 25 13 
45 9 15 52 29 53 2 24 51 3 39 46 14 19 20 64 27 40 21 34 35 59 38 62 6 25 1 17 11 60 16 32 44 22 4 28 47 36 50 37 18 57 58 43 10 8 31 7 48 13 42 12 49 56 55 33 5 54 61 63 41 26 23 30 
5 9 41 20 19 12 54 7 25 23 26 32 31 56 16 10 8 64 51 34 53 59 4 44 55 18 17 11 30 13 21 22 63 52 37 24 40 38 61 27 15 33 45 48 46 60 1 29 42 6 62 36 2 3 57 14 50 35 28 47 43 39 49 58 
21 64 57 12 23 1 3 16 28 40 10 33 56 61 48 19 18 9 14 51 58 15 30 50 6 45 54 13 55 49 59 52 24 32 11 4 20 22 46 2 7 47 42 17 43 44 37 25 5 31 35 53 8 62 34 26 38 36 39 29 41 63 60 27 
4 1 30 51 39 36 24 31 14 61 10 45 64 57 7 55 8 34 26 44 9 6 3 47 58 29 35 41 16 37 43 52 59 11 60 17 5 48 23 56 54 19 62 33 63 13 12 32 42 53 38 50 46 40 2 21 22 20 28 49 25 15 18 27 
56 21 59 19 52 11 15 17 53 38 6 27 23 3 45 61 51 24 2 9 13 62 1 47 36 48 14 10 33 58 43 63 40 37 35 57 64 55 4 31 42 22 32 18 16 7 54 25 41 50 26 29 34 30 49 46 5 28 60 39 8 20 44 12 
18 17 8 42 22 11 9 54 4 1 47 44 12 36 34 55 16 31 24 23 35 53 15 26 41 40 39 6 43 50 20 57 48 2 3 37 46 19 38 21 28 5 62 29 49 10 56 59 7 51 14 25 52 58 13 61 60 64 63 45 33 27 30 32 
2 59 60 28 3 25 61 51 38 46 26 35 39 32 12 55 45 4 57 23 29 31 36 15 18 1 22 49 50 62 64 40 8 37 20 14 30 24 21 56 48 58 52 34 47 19 33 17 54 41 43 16 6 9 10 53 27 5 42 13 11 44 63 7 
17 47 50 63 52 4 3 43 56 36 18 1 22 23 38 19 10 54 16 6 55 48 45 42 59 40 31 46 9 30 24 44 12 2 33 11 20 49 15 41 53 14 37 29 28 57 32 64 25 39 8 7 51 34 27 58 26 35 5 60 61 21 13 62 
11 61 59 24 51 64 9 45 39 2 32 12 60 27 22 55 52 14 26 44 34 40 38 33 48 25 8 28 29 21 42 43 54 19 53 16 7 36 17 46 6 41 56 5 1 47 23 4 10 31 30 3 49 37 57 50 58 62 18 35 20 13 63 15 
13 61 12 34 45 64 53 26 3 11 4 23 46 62 1 22 6 8 42 63 29 58 47 33 10 59 55 48 28 30 20 21 52 9 37 19 51 27 40 16 18 15 56 39 31 43 35 49 17 5 24 7 57 54 2 44 25 50 36 32 38 41 14 60 
47 15 27 2 58 29 20 4 50 37 33 25 16 49 6 59 31 13 55 12 52 53 51 64 22 10 7 17 57 42 21 63 39 5 61 43 34 41 36 8 40 44 14 45 3 38 30 56 18 24 48 54 19 11 60 23 32 9 35 1 62 46 28 26 
20 31 64 9 61 44 18 45 16 37 3 52 14 39 46 30 1 58 23 49 56 13 50 8 55 42 62 51 7 5 59 28 6 10 24 57 2 38 27 11 4 34 36 26 15 32 48 33 47 40 54 41 19 21 29 53 17 25 63 43 60 22 35 12 
14 8 32 9 56 18 3 52 45 23 31 16 33 41 63 7 36 55 37 4 60 27 61 59 1 58 43 5 24 53 12 34 50 51 26 15 44 46 39 28 35 21 57 38 13 64 42 19 62 54 29 20 22 10 6 17 25 30 49 2 48 40 11 47 
58 48 30 39 63 8 40 50 34 37 61 31 26 64 33 32 28 29 49 55 41 60 13 19 38 46 44 45 12 53 7 59 23 5 54 24 47 56 22 14 62 52 57 11 25 6 43 20 35 21 9 4 42 16 10 36 18 51 3 17 15 2 1 27 
26 30 60 42 37 36 38 13 18 25 21 52 9 44 24 55 8 49 20 35 43 23 2 62 39 59 29 40 57 32 34 19 1 7 41 16 45 48 10 47 64 31 28 27 50 4 58 51 6 15 12 5 22 53 46 33 11 54 56 14 63 61 3 17 
16 52 15 31 28 2 33 38 44 35 4 32 18 26 5 10 59 36 39 41 20 25 9 64 14 47 42 11 49 60 30 43 21 58 54 46 6 63 27 50 22 51 7 61 29 13 12 56 34 37 53 55 24 8 48 57 1 3 40 45 62 19 17 23 
33 12 46 29 23 38 28 26 45 39 13 16 41 32 62 61 43 64 49 35 63 2 31 8 50 22 36 21 52 44 48 56 37 15 55 17 1 24 54 19 11 5 27 51 30 9 34 58 3 10 18 60 53 59 7 57 14 6 4 42 47 25 20 40 
25 19 16 12 64 30 10 58 32 46 38 1 5 53 49 34 9 3 27 52 35 55 60 54 48 41 31 23 15 8 61 21 43 42 57 13 56 62 50 33 7 45 17 11 14 24 22 26 4 6 39 47 51 2 37 44 40 36 28 18 20 63 59 29 
13 27 6 46 45 1 44 41 38 49 14 37 34 50 53 42 7 11 4 36 58 17 39 35 12 2 40 22 23 31 25 8 61 43 24 16 26 15 56 57 20 62 10 3 28 32 33 54 60 29 59 30 64 5 18 19 9 52 51 48 63 55 47 21 
42 35 61 6 8 13 50 44 20 33 11 7 10 43 12 4 21 64 26 52 39 47 37 57 56 49 18 14 1 30 15 38 31 55 16 40 59 58 46 25 36 9 41 29 48 32 45 24 34 3 60 62 63 5 17 19 23 28 53 2 51 22 54 27 
44 13 53 45 10 7 19 35 14 37 26 21 15 1 2 29 36 55 31 30 57 25 61 52 60 16 34 47 27 48 54 56 38 42 46 28 58 4 32 5 6 20 3 11 64 24 23 62 18 8 51 39 63 40 41 9 59 22 43 49 17 33 50 12 
50 37 15 63 58 46 35 22 3 20 36 10 11 9 19 32 2 39 21 13 30 14 26 60 1 23 53 34 31 29 44 55 64 28 62 33 12 59 47 27 41 52 24 54 45 7 51 25 40 5 42 38 61 17 8 48 6 16 56 57 43 4 18 49 
1 32 41 42 7 16 44 15 40 63 18 64 21 37 35 38 62 59 2 31 13 30 6 10 47 3 53 14 48 20 11 60 28 5 55 36 17 46 50 19 4 29 27 22 51 45 24 26 34 8 57 54 9 58 25 12 52 61 33 56 49 39 23 43 
26 14 24 45 54 10 33 62 41 29 49 4 28 34 42 44 7 12 43 47 27 20 59 48 39 63 1 52 46 35 38 13 6 32 60 37 3 22 64 55 31 25 15 9 51 61 40 36 16 53 11 17 5 58 50 19 57 18 30 8 2 21 56 23 
56 6 1 34 62 46 22 30 44 15 53 64 55 3 57 33 45 25 47 39 18 58 12 32 28 29 35 20 37 43 59 61 4 14 60 40 19 31 63 51 52 9 11 49 27 13 21 2 8 5 26 42 38 54 17 36 41 48 10 23 16 50 24 7 
22 50 51 25 4 45 33 14 38 2 15 60 35 39 29 19 30 7 63 26 17 48 49 44 10 46 59 8 1 54 18 36 28 6 62 31 37 27 42 21 11 12 52 23 13 53 20 5 43 58 56 16 41 9 40 61 32 47 24 64 57 34 55 3 
4 51 16 15 32 39 13 8 35 54 34 21 12 28 52 25 33 64 49 11 40 20 61 58 47 14 24 29 17 5 48 30 37 46 27 56 63 42 31 9 10 57 36 62 23 59 38 7 19 43 3 2 55 53 60 22 1 6 18 45 26 41 50 44 
25 24 16 62 52 1 27 34 60 55 5 37 17 33 7 51 58 18 2 3 12 35 56 10 46 21 45 14 23 36 43 4 40 19 13 8 64 38 20 41 39 28 53 54 9 42 6 49 47 44 30 61 48 22 11 31 59 26 29 32 15 57 63 50 
12 32 51 29 14 61 28 44 10 41 34 43 40 53 26 31 25 63 33 8 1 59 19 2 16 56 3 6 35 54 9 36 37 55 13 64 46 45 57 30 38 23 48 4 18 42 21 52 20 7 24 11 27 50 15 17 39 47 49 58 22 62 60 5 
2 8 30 60 6 39 50 46 29 23 16 61 41 10 21 35 43 19 12 31 14 62 47 55 11 5 20 44 48 53 22 9 38 37 25 18 24 15 34 51 58 1 56 32 49 59 45 42 52 40 7 4 26 54 64 27 36 33 63 28 17 13 3 57 
53 37 7 61 36 22 27 14 9 16 49 51 40 41 4 1 8 35 52 38 42 28 5 64 11 3 34 54 15 48 30 6 50 2 46 17 56 60 25 32 12 31 62 23 39 18 33 19 47 55 58 59 10 44 43 57 29 24 21 63 13 20 45 26 
38 52 54 44 47 61 12 41 55 43 24 27 15 57 40 26 4 49 20 7 16 25 58 13 22 35 28 39 37 30 29 60 51 2 64 50 53 9 56 36 3 48 34 11 17 59 33 5 19 46 14 42 31 45 23 10 63 6 21 1 18 62 32 8 
24 53 11 51 45 7 2 54 28 57 12 36 42 26 13 4 17 23 29 49 52 19 33 32 55 8 56 61 18 3 46 16 1 30 47 41 31 63 15 22 21 64 14 43 35 59 40 10 38 39 9 62 60 48 50 20 37 5 6 34 25 27 44 58 
25 48 20 21 13 4 24 43 37 57 42 56 36 55 19 60 18 45 39 22 9 3 46 17 23 31 29 50 7 27 8 33 15 51 64 61 30 52 12 16 49 34 28 58 14 41 54 63 1 40 62 5 53 38 10 44 26 35 2 47 6 32 59 11 
26 36 51 62 41 32 54 52 38 12 16 28 18 25 23 49 46 21 30 22 29 3 44 63 7 19 8 47 5 31 1 61 35 13 14 64 53 55 11 20 56 37 50 42 43 39 58 4 48 15 60 24 6 2 27 17 9 33 59 45 40 10 34 57 
31 49 25 63 16 3 17 2 29 5 46 26 47 53 44 22 6 45 56 24 39 37 58 40 30 8 35 27 55 51 12 15 14 50 64 57 60 28 7 42 48 9 20 23 41 34 52 32 36 11 13 59 38 4 33 1 19 10 54 18 61 21 62 43 
55 42 44 38 52 28 21 30 46 34 12 51 61 45 53 47 4 50 11 2 43 29 54 60 26 64 49 5 39 48 37 6 16 25 36 31 24 15 59 19 8 33 20 13 9 62 58 7 17 1 41 27 3 40 18 32 57 56 22 10 63 35 23 14 
18 54 38 51 35 46 52 44 57 23 4 63 5 22 34 6 14 27 53 55 17 21 49 61 32 64 7 43 48 16 12 30 40 15 58 20 1 24 33 37 2 47 62 10 9 28 8 41 25 31 29 11 39 19 3 56 60 59 42 26 45 36 13 50 
16 36 28 20 29 46 35 5 53 2 37 25 43 3 38 14 15 54 9 13 24 59 56 6 26 1 64 30 10 17 60 11 58 47 34 57 32 61 42 62 50 12 48 4 8 19 49 7 63 33 51 44 39 40 23 27 31 41 45 22 52 55 21 18 
2 46 57 3 5 9 15 34 51 30 31 23 29 39 20 17 1 54 53 19 55 35 59 62 33 36 45 42 4 12 18 38 47 11 63 10 22 26 13 49 41 14 43 16 64 37 52 32 7 8 21 56 27 28 58 6 44 60 40 48 61 24 50 25 
19 22 26 57 42 32 13 50 28 20 10 23 27 62 54 61 52 17 59 58 15 34 60 9 45 18 12 1 48 36 40 7 4 53 31 21 5 6 39 11 29 51 30 33 55 64 14 43 25 16 46 41 38 8 35 37 47 3 2 49 56 44 63 24 
15 42 51 39 14 5 31 6 48 10 16 41 13 11 61 62 34 9 12 35 1 55 58 59 30 7 54 8 53 23 32 36 56 21 37 4 27 22 18 64 57 60 2 19 24 26 63 50 43 44 47 28 20 40 25 33 29 38 52 3 49 46 45 17 
50 44 12 33 34 53 46 42 52 20 19 8 59 2 31 37 18 25 9 56 30 60 62 35 27 41 26 61 55 64 39 38 1 4 54 51 17 24 29 14 7 40 63 5 45 28 6 3 47 43 16 58 23 13 48 36 49 10 22 15 57 32 11 21 
4 36 12 22 7 35 9 41 14 20 39 58 1 31 61 48 42 62 57 45 32 54 13 30 63 56 23 64 5 47 55 6 50 53 24 29 49 28 40 38 18 15 52 51 10 21 25 44 34 37 19 16 11 27 17 3 8 33 59 2 46 26 60 43 
12 14 45 22 32 34 24 53 35 64 9 63 44 59 50 1 39 7 4 2 13 25 55 56 21 18 30 52 47 27 5 58 48 60 41 20 42 10 46 23 11 38 37 54 51 17 8 31 40 49 6 15 28 43 19 33 36 61 29 26 62 3 57 16 
62 38 40 36 51 35 8 9 6 43 60 25 48 19 54 50 2 4 17 47 13 18 12 41 30 5 55 7 31 28 23 24 26 10 49 61 52 21 59 29 58 39 11 33 3 53 20 37 56 14 45 64 63 44 16 27 34 32 1 22 57 42 15 46 
52 43 30 14 62 4 22 3 59 44 51 32 45 39 40 11 63 5 58 7 50 23 9 24 48 10 31 1 26 47 53 60 8 18 17 27 6 64 25 56 33 35 57 2 42 29 61 28 13 49 19 36 37 38 21 54 34 46 55 41 16 12 20 15 
44 62 53 4 46 23 29 35 51 58 7 3 49 36 11 45 57 17 18 12 32 16 19 52 59 9 34 41 22 24 39 40 30 37 6 28 10 5 42 47 21 56 55 50 14 15 38 2 27 25 8 13 54 20 33 64 26 31 43 61 48 1 60 63 
43 62 12 5 61 57 37 31 44 42 23 1 21 20 53 35 14 18 58 10 54 49 32 48 59 36 15 22 45 2 47 24 9 56 50 26 4 29 64 19 8 39 17 51 13 40 41 28 11 55 63 25 34 16 52 30 3 60 7 27 33 38 6 46 
34 4 24 41 36 10 57 6 21 55 17 2 19 15 31 64 35 47 27 50 58 39 26 14 54 51 56 30 16 43 38 28 49 63 20 61 29 33 13 25 7 52 8 5 44 23 48 62 45 42 3 40 18 60 22 1 11 53 46 37 12 59 32 9 
22 49 61 16 21 18 62 5 40 7 47 1 58 33 46 25 23 24 14 13 59 50 4 57 63 38 11 17 26 56 32 55 6 39 8 27 3 54 43 9 60 2 20 28 64 12 31 29 48 37 19 34 30 15 53 44 45 35 51 36 10 42 41 52 
46 52 55 36 1 19 29 63 3 25 14 59 17 61 15 58 30 48 32 56 28 62 24 18 45 42 22 23 41 51 16 33 50 10 8 26 34 64 4 49 27 47 31 54 43 39 44 9 6 40 37 7 11 57 13 12 5 60 21 38 35 2 20 53 
40 17 61 37 35 5 45 6 19 64 32 56 44 20 42 58 4 22 60 15 46 57 39 30 54 34 1 41 53 26 50 9 59 7 28 47 52 2 55 27 29 33 43 49 3 36 25 23 24 48 14 31 38 62 10 21 11 13 12 8 51 63 18 16 
20 9 30 48 61 63 24 64 57 18 62 36 44 37 42 11 6 12 40 10 39 31 2 35 51 32 43 54 47 52 46 4 49 26 29 41 50 17 23 15 45 38 21 1 13 19 14 3 25 22 55 8 7 53 56 34 59 27 33 5 28 16 58 60 
62 31 43 61 59 64 23 49 27 55 2 37 52 46 42 57 17 8 54 24 3 50 12 60 1 35 47 22 53 10 29 19 18 20 26 48 21 14 33 38 15 39 51 6 16 5 63 4 28 13 36 56 34 40 7 32 25 44 45 9 58 41 30 11 
28 26 55 59 22 7 8 18 27 20 54 25 44 63 51 50 46 23 3 19 13 34 48 9 61 38 16 1 2 40 42 53 31 29 47 4 35 5 57 49 64 41 17 6 30 14 37 45 60 10 39 33 62 15 12 43 56 52 58 24 21 11 32 36 
34 57 60 42 44 30 5 54 9 21 22 14 7 36 4 26 1 56 35 2 47 27 17 19 12 38 32 45 23 6 20 51 40 58 29 37 52 61 10 46 24 43 53 11 63 15 55 16 31 8 41 25 18 33 3 50 28 62 59 13 64 49 39 48 
49 28 9 55 61 27 33 62 20 45 46 44 39 19 18 30 63 32 35 58 21 57 41 23 13 64 11 60 52 14 15 6 53 5 17 7 43 12 36 34 50 47 54 10 22 29 51 38 25 40 8 48 2 1 26 4 16 31 42 37 59 24 56 3 
33 3 49 63 60 45 9 32 39 15 16 20 17 23 14 64 31 55 41 58 22 25 47 2 8 61 38 51 19 10 27 40 5 21 37 24 62 7 12 35 54 1 57 34 52 43 6 59 29 42 30 26 44 48 36 53 46 4 56 13 18 11 28 50 
48 50 23 31 1 9 6 25 56 21 19 59 14 37 63 61 8 55 2 44 5 42 10 29 57 45 36 30 18 3 22 35 60 17 20 28 38 16 7 39 40 54 13 52 64 58 46 53 27 4 12 47 41 49 24 26 11 34 51 43 62 15 32 33 
39 41 53 33 27 9 10 43 2 16 63 4 47 18 24 59 64 15 11 29 32 25 37 51 30 34 57 21 36 28 42 56 12 5 7 40 49 44 1 14 20 60 26 23 62 38 19 50 13 8 45 35 6 52 55 54 31 17 48 58 46 22 61 3 
25 55 18 33 52 19 54 37 50 47 61 4 56 32 22 64 46 34 9 63 7 51 45 30 14 43 44 49 26 6 3 29 36 48 31 2 60 39 5 20 42 8 23 24 13 12 17 10 35 28 27 16 15 40 11 59 38 41 57 58 1 21 62 53 
54 44 7 4 18 22 32 41 39 21 1 16 50 33 57 34 13 58 36 27 29 62 46 51 10 53 25 56 26 45 35 64 38 3 15 48 12 49 2 20 23 24 47 5 55 42 9 8 37 14 52 19 11 60 28 31 61 40 30 63 59 6 43 17 
36 2 10 21 20 58 3 9 15 14 52 23 41 51 6 49 37 42 64 57 38 16 27 53 59 31 48 33 32 18 13 25 62 29 22 24 55 46 30 47 17 40 7 1 35 39 44 56 45 8 4 63 28 19 61 5 12 26 43 34 11 54 50 60 
26 36 2 17 30 63 9 35 45 15 25 4 54 19 5 27 62 18 40 6 11 29 50 32 39 1 21 41 56 16 47 12 10 49 59 43 46 37 38 51 20 24 22 7 58 14 3 28 23 48 34 8 55 52 44 61 57 53 64 60 13 42 33 31 
49 61 8 40 64 23 62 39 53 52 55 58 35 26 32 18 1 6 17 19 13 46 51 44 24 47 43 54 59 63 29 38 30 20 28 12 41 45 42 31 22 2 9 3 48 56 25 37 4 15 11 21 50 57 60 34 14 7 36 33 10 27 16 5 
6 40 26 45 64 53 7 57 44 61 9 32 5 21 2 36 12 27 51 11 35 52 13 56 23 60 37 15 43 29 47 48 33 31 42 25 10 63 55 38 18 4 34 19 14 50 16 54 8 20 24 46 17 3 41 58 39 62 49 28 30 1 22 59 
27 61 50 51 63 53 40 1 8 13 28 26 22 15 60 24 4 23 49 3 17 25 6 35 10 56 58 2 14 43 52 46 47 42 19 36 21 37 5 64 33 16 29 59 62 48 12 55 20 38 32 54 44 39 45 11 31 57 34 9 18 41 30 7 
15 52 33 28 21 44 41 58 19 49 4 5 1 31 14 30 23 63 20 35 29 25 9 32 3 34 59 24 62 56 39 60 16 18 43 36 54 13 61 10 48 47 50 57 17 38 8 12 7 26 37 11 45 6 22 55 42 27 64 51 2 40 46 53 
27 30 26 35 56 13 9 41 43 40 21 22 63 5 7 58 47 52 23 3 61 20 36 50 10 8 39 37 25 2 55 32 49 59 31 53 16 1 28 45 6 15 4 33 48 46 34 51 38 60 29 24 14 44 19 12 57 18 42 62 54 64 11 17 
47 39 55 31 42 36 7 44 16 59 64 2 53 10 58 19 54 9 29 21 57 27 37 3 60 22 63 1 62 5 61 46 26 56 41 12 13 45 18 8 34 35 52 30 15 24 17 51 25 49 33 48 32 23 14 4 20 11 38 28 50 40 43 6 
49 33 11 19 35 17 26 29 40 7 57 25 59 37 30 18 53 43 46 55 21 50 20 8 31 48 24 36 62 1 39 61 4 12 64 2 51 15 13 34 54 22 42 41 5 52 47 3 23 6 44 63 27 45 28 56 38 9 60 16 14 10 58 32 
40 44 64 2 5 12 54 8 51 19 22 38 11 33 26 27 1 6 13 9 52 34 16 48 46 32 36 57 63 10 60 29 21 25 17 14 15 18 20 35 28 56 47 42 55 43 23 50 4 41 53 62 30 24 45 7 37 31 59 39 49 3 61 58 
15 47 37 57 63 48 44 4 35 9 11 51 23 30 22 13 34 38 46 29 2 64 40 3 36 56 49 8 20 28 52 10 14 59 19 31 43 26 61 45 5 32 54 21 39 62 27 18 53 12 7 42 33 25 55 16 50 24 17 6 58 60 41 1 
57 4 39 61 37 47 60 32 20 34 38 62 19 2 7 31 27 40 33 17 45 50 5 41 25 28 14 24 6 8 46 42 51 58 15 64 54 13 56 35 16 29 44 43 1 52 3 9 30 49 53 36 48 10 23 11 22 55 12 21 26 59 18 63 
64 63 45 19 26 18 15 39 1 37 58 50 10 46 47 43 51 49 20 22 59 28 21 23 41 12 5 38 54 56 17 2 34 36 27 14 32 60 44 7 42 29 33 13 11 35 53 62 25 55 24 9 52 61 48 6 30 57 3 40 16 31 8 4 
1 9 50 62 33 27 59 16 2 40 41 6 49 37 31 52 51 26 24 63 28 44 3 8 64 36 42 56 10 39 13 7 34 5 54 18 19 45 61 46 11 60 38 57 35 14 4 22 47 17 20 23 25 53 55 21 30 15 43 58 12 48 29 32 
45 30 57 27 64 25 51 37 36 49 15 34 14 54 32 21 56 18 59 53 6 48 50 38 3 23 39 43 58 13 63 9 11 60 22 40 47 17 41 61 31 1 8 20 62 35 19 12 26 10 5 2 52 33 42 55 7 29 16 44 28 24 4 46 
20 44 57 21 55 39 14 59 40 16 27 24 32 3 38 37 47 30 9 63 33 36 41 54 61 53 45 12 34 31 23 51 28 52 50 35 64 43 7 26 6 10 17 2 56 11 58 29 46 18 60 48 19 8 15 62 4 25 5 13 42 49 1 22 
43 42 47 56 37 7 18 24 28 22 15 38 36 57 35 32 30 14 10 45 25 40 2 34 17 29 50 20 13 26 51 44 64 58 12 52 19 3 61 33 55 21 1 49 60 41 31 4 48 11 23 8 54 9 59 62 5 27 53 6 46 63 39 16 
19 52 31 29 56 42 54 26 61 55 34 4 43 21 53 38 1 41 57 63 46 2 15 58 50 33 37 5 10 6 47 9 62 13 18 40 22 39 30 27 25 32 12 7 48 24 36 14 60 35 20 64 28 16 44 8 51 17 59 45 3 23 49 11 
64 3 1 16 62 40 39 48 25 57 6 43 31 53 54 45 51 63 47 59 27 37 42 36 35 49 8 5 21 2 20 15 17 24 9 22 28 44 52 56 34 11 46 33 7 29 55 13 61 19 58 4 30 12 26 23 41 50 32 14 38 60 10 18 
40 57 54 35 51 20 49 47 8 1 6 9 21 4 46 16 53 48 27 3 18 59 22 63 30 14 10 12 62 55 31 52 43 36 38 28 33 2 19 23 5 44 7 34 25 60 11 13 24 41 58 26 17 61 42 29 45 56 37 15 50 32 64 39 
25 6 57 56 23 1 59 16 21 42 38 53 5 31 29 62 36 17 8 27 24 15 37 61 4 33 12 45 39 26 34 11 60 14 28 35 7 9 58 40 49 13 51 52 30 48 46 20 55 10 3 44 43 63 32 47 19 54 2 64 50 22 41 18 
22 12 15 33 26 32 2 36 48 11 59 16 21 54 44 13 30 51 63 20 8 18 39 34 57 47 64 62 23 42 37 5 17 10 14 60 27 52 24 35 40 43 49 6 3 29 28 9 1 61 4 7 53 41 45 55 38 25 58 46 50 31 56 19 
34 15 28 8 37 61 27 20 23 40 9 13 21 3 51 19 14 53 50 62 52 24 17 1 39 2 46 16 12 58 45 4 31 63 48 5 54 47 55 22 7 41 57 42 44 49 6 36 10 38 33 59 26 29 25 64 60 43 11 30 18 35 56 32 
58 33 17 48 8 34 32 9 10 54 57 59 1 42 19 22 51 7 39 15 43 56 29 16 52 46 12 41 26 24 25 3 40 50 31 23 45 55 27 18 13 38 5 64 20 36 47 4 11 2 61 30 28 44 37 60 6 62 63 21 53 14 49 35 
11 15 13 16 28 47 22 61 35 40 29 42 54 50 3 60 2 59 20 49 37 14 4 31 58 8 43 25 46 52 17 51 26 21 10 23 34 39 63 33 38 57 27 1 6 53 9 32 30 48 36 7 18 41 5 64 44 12 62 55 45 24 19 56 
51 14 18 55 56 48 32 12 41 54 34 31 40 6 29 19 39 24 7 21 1 57 47 23 33 13 42 49 3 46 9 25 43 50 15 26 53 16 63 38 20 60 17 36 22 44 52 28 30 62 27 35 37 59 4 2 61 5 64 10 45 11 58 8 
1 48 59 13 19 47 38 17 6 7 58 44 61 53 60 39 56 15 52 30 50 64 4 45 27 33 46 10 2 14 3 18 41 54 43 49 63 26 22 20 12 57 55 32 29 5 40 9 36 35 11 28 62 16 34 37 51 8 25 31 42 23 21 24 
35 13 16 40 58 12 17 27 49 23 53 55 56 7 14 54 28 52 19 9 33 30 37 21 20 6 48 36 57 2 4 50 59 60 31 42 38 45 32 46 61 63 10 43 26 24 47 25 62 64 44 3 34 15 39 41 29 8 5 51 18 1 22 11 
12 28 16 3 63 55 29 62 64 61 4 31 60 8 47 46 53 15 36 44 25 37 40 38 27 1 43 49 41 6 10 26 11 54 39 35 5 57 7 30 22 50 2 51 48 42 24 21 45 23 32 33 59 52 20 13 18 56 14 19 17 34 58 9 
40 58 6 31 3 49 33 9 45 28 24 18 22 5 32 55 8 4 11 29 41 14 34 64 35 26 30 50 2 62 12 25 21 17 19 42 13 52 27 53 38 36 39 61 48 47 15 60 37 44 56 7 54 63 23 20 46 57 51 59 1 10 43 16 
59 41 44 18 32 58 8 31 27 25 20 21 16 28 5 57 60 40 4 33 35 52 15 48 46 14 45 13 43 38 51 12 54 62 61 19 63 26 3 23 64 50 42 7 22 36 37 11 29 56 9 2 53 17 1 49 47 55 6 34 10 24 30 39 
56 29 58 61 30 39 40 13 52 63 7 8 4 21 27 46 45 3 41 9 62 49 11 6 15 53 33 12 1 22 43 34 37 18 59 54 35 23 2 28 17 57 26 50 20 44 10 38 32 60 5 36 48 16 42 64 14 25 24 47 31 19 51 55 
49 57 3 48 36 1 33 37 12 39 16 25 38 52 58 55 51 61 35 28 30 21 27 59 34 10 41 45 43 13 8 46 29 42 15 40 56 7 50 63 60 11 54 2 9 32 31 22 14 20 24 53 5 23 17 19 18 4 26 62 6 47 44 64 
41 9 23 63 26 44 6 10 54 37 2 34 55 39 46 11 15 62 33 17 13 1 64 7 29 42 56 59 43 52 61 49 35 57 31 50 38 40 21 4 48 45 32 16 20 5 8 18 47 14 19 24 25 3 27 58 53 60 28 36 22 30 12 51 
42 37 30 21 27 2 5 39 31 56 13 59 53 43 48 52 40 16 17 23 47 12 35 3 8 50 58 26 6 38 14 28 1 11 34 10 19 24 44 62 25 7 33 15 4 46 41 57 20 36 54 32 63 55 22 60 49 61 64 29 9 18 45 51 
25 21 18 38 14 61 23 4 39 28 41 54 9 49 42 36 30 58 53 27 29 56 48 26 52 6 43 34 13 63 19 20 12 5 55 8 1 59 44 22 15 45 40 64 10 16 60 47 31 17 7 62 57 24 51 3 46 2 50 11 37 32 33 35 
9 16 17 37 38 24 34 47 62 12 36 39 21 18 50 35 23 51 48 22 61 5 53 27 60 46 20 13 57 56 32 40 6 63 7 64 43 3 54 28 31 58 30 15 59 29 33 52 4 14 41 44 1 11 55 42 25 26 8 2 49 45 10 19 
29 6 31 11 36 12 43 42 39 61 46 21 55 41 17 19 4 13 15 47 2 3 8 33 49 60 1 9 32 30 62 40 64 56 7 16 5 24 23 27 35 52 45 53 10 38 25 63 22 44 26 28 51 59 58 50 14 37 48 57 34 18 20 54 
57 39 6 41 26 38 15 11 5 1 33 50 30 25 29 63 7 56 24 34 35 37 61 44 8 55 64 32 53 22 19 43 4 12 51 20 9 42 36 59 18 60 62 47 16 45 40 31 10 27 13 54 49 21 17 2 23 28 58 14 46 52 3 48 
16 13 50 18 9 52 59 58 46 2 8 33 34 61 53 17 19 36 35 20 49 22 7 3 4 44 56 15 25 24 62 51 12 26 6 30 39 37 55 5 10 28 57 47 43 63 1 60 32 31 27 42 40 45 38 29 23 21 14 54 48 11 64 41 
38 58 56 9 23 42 47 29 11 2 59 13 27 41 48 5 1 15 62 54 14 18 19 34 55 6 43 26 35 36 7 32 8 49 60 17 30 3 39 51 61 33 28 37 12 22 50 31 45 40 44 4 53 20 16 64 52 10 24 57 25 21 46 63 
2 24 18 17 36 34 61 59 26 42 43 44 56 33 46 48 8 1 50 40 31 60 5 37 19 58 6 39 53 15 20 11 16 52 9 25 29 51 57 35 47 38 32 54 30 27 22 4 10 41 62 49 23 63 3 13 55 21 45 28 14 7 64 12 
25 58 53 39 17 2 61 62 44 6 34 19 56 41 64 15 4 47 26 9 36 28 29 50 18 27 20 63 42 38 51 48 5 14 60 1 13 49 23 55 54 3 32 37 35 46 40 12 16 30 43 8 21 10 22 11 52 59 33 31 24 7 57 45 
38 46 61 30 25 10 21 37 11 45 52 54 49 62 26 63 28 19 3 53 34 43 56 48 35 51 27 60 33 22 55 58 32 42 41 5 8 13 31 59 24 23 40 17 50 57 15 36 16 4 7 1 2 47 44 20 12 18 14 6 39 64 29 9 
25 19 60 35 24 32 40 10 64 26 9 28 2 38 17 56 18 54 51 52 7 33 30 61 43 31 57 50 16 48 27 8 15 21 13 39 44 3 22 20 5 6 62 41 63 45 49 4 55 14 53 34 12 58 42 11 29 37 23 36 47 59 46 1 
