16
8 5 15 14 16 12 1 4 11 10 2 9 7 3 6 13 
5 15 16 2 9 13 10 7 6 11 14 1 12 8 3 4 
15 9 7 2 13 10 6 8 11 12 16 4 14 5 3 1 
7 2 14 10 3 5 12 16 15 9 8 11 4 13 1 6 
7 8 6 13 12 14 4 1 9 11 5 16 10 3 2 15 
3 10 9 1 6 5 15 16 14 8 13 4 12 7 11 2 
2 5 16 11 4 6 9 12 8 3 14 15 1 10 13 7 
1 12 9 8 5 13 15 14 3 11 4 16 7 10 2 6 
16 6 1 9 12 10 14 5 7 4 11 13 15 2 3 8 
16 10 13 11 6 4 14 2 15 3 8 5 12 7 9 1 
6 14 10 1 7 13 9 5 2 8 3 16 15 11 4 12 
11 16 9 8 2 12 14 6 7 15 13 10 3 4 1 5 
11 15 16 2 9 6 13 4 14 8 3 7 12 1 10 5 
7 16 1 12 13 2 5 3 11 10 6 4 14 15 8 9 
1 9 11 5 14 15 2 12 13 6 10 4 16 7 8 3 
7 14 6 16 2 9 12 5 4 1 10 8 11 15 13 3 
12 15 9 13 4 14 10 6 1 2 11 16 5 3 8 7 
7 15 11 10 1 14 9 5 12 6 2 16 13 3 4 8 
2 14 7 15 12 6 11 5 9 13 4 10 3 16 8 1 
2 9 15 6 13 10 12 14 3 8 7 1 5 4 11 16 
12 13 5 14 16 7 4 6 10 8 11 9 3 15 1 2 
2 16 11 14 13 8 7 10 4 5 15 1 3 6 12 9 
15 1 7 14 16 4 8 12 9 5 2 10 11 3 13 6 
13 1 9 15 7 3 10 5 4 14 2 6 8 11 12 16 
7 15 2 14 3 6 10 13 1 11 12 4 8 16 5 9 
15 1 6 7 3 2 8 16 14 4 12 9 11 10 13 5 
3 4 7 8 1 9 12 6 15 10 11 2 14 5 16 13 
10 4 13 9 14 2 3 15 12 7 16 8 5 11 1 6 
16 7 11 8 5 2 10 9 12 6 3 14 13 1 4 15 
11 3 5 2 14 12 1 16 13 9 15 10 7 4 8 6 
10 1 13 7 14 8 15 3 9 11 16 2 5 4 6 12 
15 9 6 1 7 5 16 8 2 13 12 4 10 11 3 14 
